source,target,value
bimestral,bimestre,1.0
