source,target,value
diferimento,prorrogação,1.0
