source,target,value
escatel,Coice,1.0
