source,target,value
testemunhado,testado,1.0
testemunhado,testificado,1.0
